{
  "age_cutoffs": [1, 6, 15, 21, 50],
  "mixing_matrix": [
    [0.1391, 0.3739 ,0.4017 ,0.2938, 0.4015, 0.2566],
    [0.3739, 0.6283 ,0.5460 ,0.2844, 0.3561, 0.2517],
    [0.4017, 0.5460 ,0.8344 ,0.4775, 0.3067, 0.2304],
    [0.2938, 0.2844 ,0.4775 ,1.0000, 0.4243, 0.2877],
    [0.4015, 0.3561 ,0.3067 ,0.4243, 0.7304, 0.5665],
    [0.2566, 0.2517 ,0.2304 ,0.2877, 0.5665, 0.5582]
  ]
}